24.80 174.66
105.53 211.43
118.85 182.48
60.45 238.22
154.27 161.76
47.90 145.38
130.68 182.21
109.22 188.23
117.51 154.24
109.84 145.75
20.60 260.50
158.92 200.15
43.04 280.54
121.70 131.72
66.84 247.36
159.03 211.03
67.47 234.59
127.78 157.85
49.39 137.59
157.84 168.07
100.55 192.01
113.95 151.91
156.38 112.59
63.72 144.99
44.74 160.59
153.79 165.25
147.10 162.06
91.71 176.51
25.03 155.10
65.66 175.54
102.33 115.17
145.81 166.44
206.54 180.16
36.55 216.63
45.66 109.65
145.56 21.88
41.70 243.10
82.63 135.38
66.66 278.76
100.77 92.49
59.26 298.94
138.51 149.75
104.27 179.66
202.59 136.32
54.44 243.13
51.12 230.58
170.61 175.59
82.95 140.29
18.47 174.70
69.38 172.16
81.34 184.75
72.90 170.76
145.40 141.24
81.11 146.00
64.29 284.30
119.02 172.62
199.58 133.99
122.24 184.53
96.38 201.71
76.63 102.14
96.26 167.86
58.59 261.99
137.04 118.41
152.33 159.43
23.96 250.23
115.61 96.61
61.30 226.87
87.73 185.87
195.47 120.43
144.51 186.14
201.11 195.96
162.12 208.29
205.11 164.76
50.79 212.70
147.06 131.62
176.51 121.49
28.10 261.61
226.39 184.91
34.82 262.66
84.87 182.51
66.94 179.53
155.66 94.58
45.72 266.68
185.56 140.43
49.21 245.36
162.10 178.41
88.25 148.39
72.80 134.36
82.85 146.53
173.05 114.07
203.92 194.91
120.76 184.95
30.86 268.76
118.95 149.35
66.25 234.37
81.16 100.94
109.72 169.44
179.87 125.33
208.14 189.42
75.73 256.04
92.69 153.38
114.50 92.36
134.59 113.60
47.46 270.76
80.99 101.12
125.07 204.00
80.86 147.20
135.89 162.11
56.43 151.95
185.94 131.52
166.61 183.35
88.71 95.69
109.95 86.02
70.91 269.67
98.25 133.82
158.23 181.17
113.26 160.44
164.22 160.83
143.10 155.76
14.66 251.83
120.16 216.43
153.41 139.35
91.85 150.90
14.00 254.51
141.04 18.26
227.84 190.36
188.06 158.99
35.96 162.29
111.47 141.32
21.95 206.03
66.75 157.91
221.62 159.04
20.89 256.68
173.52 17.02
121.06 162.31
20.20 274.31
53.68 229.59
143.06 192.93
150.93 196.94
136.52 116.42
218.06 167.55
107.37 129.61
65.00 261.73
153.15 171.62
101.76 211.87
103.33 203.73
26.96 188.18
147.74 166.57
85.09 182.33
100.54 122.12
103.03 170.23
112.07 194.52
159.58 191.44
218.54 169.17
204.94 145.46
114.84 198.85
195.44 177.02
197.25 155.34
13.90 259.51
173.47 149.21
218.39 197.79
35.51 101.73
145.58 25.10
148.29 137.10
155.98 115.39
132.66 176.58
37.57 101.28
153.42 97.44
205.34 169.71
77.43 180.44
49.22 129.20
155.40 147.80
149.63 102.04
99.15 133.19
109.83 116.81
77.61 260.71
121.32 199.76
83.72 125.21
36.96 187.85
139.04 105.71
120.30 159.72
72.53 250.06
41.62 230.28
116.81 107.45
91.81 157.78
52.16 229.37
129.75 188.81
139.55 195.25
118.08 110.33
38.35 171.14
17.03 264.98
184.89 133.65
133.29 191.56
111.44 114.87
49.35 101.87
29.68 99.46
54.48 246.51
28.06 256.93
45.39 100.75
60.45 230.35
157.98 154.42
159.47 40.71
83.08 155.26
184.42 160.41
52.07 231.76
60.16 270.99
57.83 246.27
145.98 82.67
167.28 178.62
158.58 145.87
199.30 201.71
58.78 253.87
41.86 188.38
173.57 121.58
91.34 185.36
163.16 129.27
135.30 177.67
137.56 109.67
91.49 149.69
112.41 213.76
188.86 171.28
133.44 154.46
155.50 151.07
111.30 161.39
143.30 187.44
175.82 181.91
111.50 197.05
30.04 172.59
142.33 202.63
38.24 138.77
66.82 126.78
195.69 172.13
106.66 157.91
51.84 146.57
79.96 134.19
69.38 180.25
112.40 218.27
22.78 186.52
68.72 105.15
139.69 140.83
121.09 154.86
45.07 284.80
154.20 169.67
113.46 204.00
154.76 23.36
198.36 166.97
205.53 149.05
202.69 136.86
105.88 171.51
121.28 216.20
84.24 100.13
71.67 144.21
139.23 163.88
86.36 188.44
70.15 181.08
140.15 193.12
46.24 271.93
139.42 94.18
92.30 127.90
213.02 200.91
121.84 201.75
169.38 138.23
24.15 246.39
151.46 134.31
118.72 146.18
49.80 161.20
149.46 156.92
45.75 261.19
74.62 125.72
152.11 84.80
144.11 155.97
84.56 150.98
43.27 280.47
46.83 239.48
60.34 287.93
150.50 85.69
42.16 146.25
209.83 149.05
84.67 130.57
57.82 233.80
209.39 146.61
214.73 199.51
48.88 279.27
61.98 227.82
63.78 247.18
40.61 278.79
161.53 158.47
216.23 208.32
214.63 173.08
101.02 92.92
93.47 191.89
209.96 153.54
127.22 210.15
188.39 189.55
133.05 183.18
199.27 130.07
54.50 148.60
59.82 266.90
129.01 216.46
31.75 246.47
114.71 166.94
109.54 147.66
136.12 151.30
81.70 135.46
193.02 118.91
136.25 184.93
76.98 131.99
75.75 249.11
112.44 163.62
56.87 257.59
207.86 144.25
62.08 108.97
85.96 155.49
131.60 166.35
102.90 195.00
42.51 273.77
140.27 206.82
205.82 142.62
66.02 189.43
79.84 268.28
89.04 126.02
120.64 151.26
11.09 250.01
27.59 235.51
58.68 256.57
198.09 122.09
84.03 150.02
147.73  2.73
28.68 256.26
75.07 122.19
121.16 206.08
118.27 117.44
120.98 147.47
37.55 217.30
139.54 200.27
58.17 273.61
150.13 172.37
113.31 99.50
122.91 210.07
32.09 263.62
55.30 288.03
144.12 128.89
203.56 167.62
144.49 152.50
135.13 219.25
148.73 177.42
213.87 146.32
54.70 289.24
109.10 149.13
169.96 152.49
125.44 190.75
170.65 144.93
172.35 178.46
36.87 215.17
28.55 179.00
224.22 187.71
164.62 24.45
22.67 205.86
64.03 279.16
197.51 179.52
224.84 180.58
94.79 187.81
53.28 248.29
165.58 183.31
96.88 144.90
35.72 104.30
172.62 16.92
85.49 129.55
80.96 164.56
98.86 176.18
40.13 198.32
206.36 142.39
42.74 223.64
64.46 157.83
170.94 176.15
98.39 171.57
140.38 140.21
21.83 174.90
167.29 113.60
101.44 138.45
26.68 201.56
194.11 160.73
206.45 179.49
154.57 86.39
25.93 182.54
69.86 110.19
51.39 250.41
54.71 219.90
145.01 198.63
40.84 236.65
161.91 134.65
152.65 31.24
120.65 196.83
130.81 211.58
129.32 191.60
177.63 114.36
122.64 174.55
192.69 125.19
127.08 23.62
56.69 223.01
186.31 176.33
177.08 146.61
87.97 135.35
167.68 71.66
147.91 188.10
32.58 261.55
202.41 185.49
121.04 149.65
83.71 136.55
42.42 215.68
128.28 188.57
127.99 11.79
189.78 130.89
44.46 240.39
172.79 179.05
218.58 168.56
13.68 257.39
44.48 156.47
24.60 209.40
194.79 143.67
145.00 163.76
42.20 197.85
32.56 197.65
89.39 159.21
67.81 136.53
156.37 38.29
127.44 123.04
57.92 267.11
217.90 210.07
98.69 167.36
202.51 156.44
80.89 105.39
124.98 111.63
148.57 175.82
160.16 164.46
53.94 251.81
48.25 170.53
37.70 191.28
138.30 201.85
161.02 199.23
39.34 247.20
156.99 98.11
138.93 213.41
110.52 184.59
51.07 266.32
117.30 152.72
149.29 135.40
101.05 210.56
169.26 58.28
109.81 198.48
140.20 193.78
47.88 102.35
177.99 124.23
72.09 126.48
170.71 158.73
138.20 139.12
159.53 203.43
169.54 114.65
53.63 165.31
174.21 184.86
40.72 142.57
44.63 250.73
37.48 189.46
68.94 290.98
84.92 124.87
71.80 164.05
36.62 248.43
106.86 136.38
142.91 183.85
175.73 67.74
46.82 250.52
117.88 168.18
169.10 161.26
62.94 244.22
149.92 158.49
135.64 100.37
132.54 14.81
105.08 174.27
145.12 115.35
149.62 115.04
56.85 270.38
188.61 120.21
149.67 157.31
49.37 135.67
120.55 163.45
61.96 259.19
45.89 275.62
218.26 204.54
113.37 209.07
184.90 170.01
69.08 134.22
163.77 156.86
194.10 156.45
172.67 146.85
174.84 162.00
31.28 202.76
118.71 209.30
129.20  9.82
89.11 97.51
144.67 178.57
42.77 133.31
120.84 200.59
179.22 182.92
191.46 126.56
157.90 192.24
82.50 158.34
106.73 171.58
74.72 145.21
152.90 175.86
95.61 146.93
113.50 127.86
77.87 103.50
109.06 112.73
94.38 166.20
144.96 113.25
114.86 214.49
75.08 247.19
24.38 87.89
151.14 148.51
139.53 95.15
36.14 178.96
66.00 289.53
143.89 140.49
211.24 200.20
122.11 162.12
115.63 89.01
141.51 103.02
75.96 139.10
101.82 109.14
157.17 107.40
61.95 175.17
44.94 111.39
50.86 259.11
139.06 149.97
137.96 124.42
22.73 195.76
150.51 184.96
139.34 121.12
167.71 111.76
68.96 294.52
53.92 217.95
99.96 195.96
105.67 100.95
49.01 291.00
213.30 194.28
39.57 197.95
140.59 143.35
100.78 137.36
59.05 142.75
163.85 160.34
87.83 175.23
27.30 270.29
196.80 189.83
49.43 241.42
151.55 20.14
25.55 181.83
150.34 113.79
81.37 127.69
133.04 175.49
72.85 151.55
151.01 94.53
20.59 253.93
82.83 121.34
43.96 108.14
110.52 208.05
124.92 203.47
136.42 107.18
85.48 143.90
85.73 134.67
43.45 86.07
81.70 101.03
201.31 172.66
38.45 164.71
174.35 185.49
81.23 128.91
170.41 189.90
41.50 149.47
114.69 97.87
164.32 154.20
50.32 271.63
81.03 153.27
193.45 153.45
90.91 137.50
92.44 197.12
157.22 24.20
71.39 187.16
121.34 26.86
53.34 220.80
149.06 126.97
120.03 213.64
159.11 147.65
136.38 201.77
109.23 203.68
130.61 176.50
207.84 150.05
159.38 194.04
210.10 190.94
149.97 111.18
145.48 215.25
47.23 144.77
93.95 139.97
105.35 176.34
89.60 125.36
96.40 162.58
193.02 175.95
99.47 188.12
10.47 251.74
77.49 252.43
44.55 101.44
93.14 136.05
127.99 27.81
131.40 152.49
25.01 237.84
90.29 124.76
182.72 116.28
157.33 162.24
203.05 142.01
138.64 206.52
36.43 183.76
100.55 145.77
84.85 198.30
68.53 155.59
134.65 210.75
149.53 152.32
69.76 250.88
66.31 261.64
130.27 143.30
53.79 150.33
199.87 128.96
93.79 197.54
95.63 146.20
53.97 154.78
200.70 155.42
152.22 105.28
191.46 191.77
181.07 180.40
174.88 71.36
119.35 185.58
17.04 167.31
137.46 97.55
26.90 165.77
65.30 234.30
209.69 185.46
204.49 177.18
139.45 170.70
70.35 108.51
56.57 127.59
63.74 155.80
53.22 99.46
161.87 142.15
46.42 270.39
149.62 174.73
157.17 179.78
152.02 131.13
133.62 161.82
158.08 91.03
163.03 131.08
52.61 274.78
24.59 272.52
35.30 242.77
148.29 177.61
85.27 180.24
147.76 86.67
43.92 178.30
189.31 191.50
86.49 172.68
141.27 182.43
99.74 155.93
50.36 243.37
48.21 133.50
232.03 175.09
176.99 70.49
134.71 138.95
86.40 120.38
128.78 189.63
32.42 279.65
170.01 168.33
231.64 175.03
98.18 208.65
165.15 205.06
208.06 164.21
118.13 134.69
85.47 162.25
186.87 154.55
170.34 161.36
67.92 147.49
148.75 17.35
112.73 205.77
24.43 238.80
170.29 134.85
84.72 162.76
35.33 210.13
119.31 111.94
89.19 205.55
61.06 247.22
124.89 189.70
68.09 192.30
106.25 175.63
199.64 201.79
73.85 248.19
220.16 180.24
95.31 175.52
72.44 147.07
64.30 173.31
102.48 155.99
61.92 138.80
214.82 165.54
82.60 99.13
147.13 196.68
143.43 99.16
114.11 89.29
101.21 168.21
169.21 184.10
151.25 168.54
199.33 159.94
107.35 121.07
163.26 192.20
174.27 70.18
78.87 156.96
106.88 105.66
47.09 274.62
124.00 166.21
204.24 139.21
175.38 65.92
39.27 257.39
223.40 181.59
74.73 248.37
104.23 166.01
149.92 198.05
152.41 127.42
87.06 162.99
232.39 174.88
69.81 121.19
80.13 123.73
102.57 204.90
53.12 170.57
120.52 111.08
92.74 172.49
153.56 99.04
182.27 125.78
138.07 105.47
205.54 186.17
177.96 69.88
177.73 163.76
149.88 203.41
49.02 143.40
76.37 264.94
116.83 86.94
143.76 214.59
201.67 209.79
82.06 167.66
193.27 129.46
30.02 214.88
110.66 86.63
113.30 194.91
156.85 136.51
27.11 232.42
55.03 286.60
47.96 104.85
135.99 133.04
141.67 209.29
96.89 207.30
63.20 140.98
96.57 172.41
147.03 102.27
149.54 107.48
77.30 259.96
183.30 126.26
172.84 199.61
69.97 141.71
31.93 218.75
47.03 99.34
51.95 132.12
54.47 283.53
124.85 135.80
25.99 163.04
148.74 217.67
132.42 171.14
39.86 202.91
111.50 199.90
171.36 67.31
71.50 151.43
116.76 164.58
84.54 160.59
28.91 216.19
26.79 198.74
185.29 157.39
21.71 242.09
137.47 186.25
33.36 152.56
57.53 145.93
155.66 38.11
198.21 179.75
49.11 140.53
160.06 189.50
35.68 246.28
155.73 105.66
34.02 279.19
198.26 194.99
123.22 212.08
126.53 137.11
209.93 132.94
171.14 166.52
172.09 168.68
173.02 148.73
41.16 202.39
191.78 175.01
206.92 135.57
188.89 133.58
74.91 154.15
24.37 167.98
117.41 125.26
34.08 273.95
94.39 172.30
44.58 164.10
120.49 180.52
120.03 197.84
63.05 106.50
156.93 129.85
156.24 85.90
130.47 24.97
55.84 241.41
80.10 161.43
46.51 141.35
144.18 26.59
93.71 199.27
31.93 193.50
48.71 264.42
104.73 175.23
147.75 115.13
91.92 193.66
195.17 170.86
46.77 245.74
43.15 248.81
201.78 143.48
70.45 137.54
42.04 198.53
165.64 190.06
29.16 100.43
191.81 180.18
64.38 160.56
174.53 192.46
103.44 92.93
49.56 266.76
71.44 147.05
178.96 143.29
102.63 116.61
54.28 257.54
133.13 124.15
156.29 23.96
91.64 153.42
104.02 193.28
173.64 140.00
55.28 251.22
133.67 143.15
59.46 110.82
46.31 104.64
160.94 191.56
34.22 187.36
42.81 90.54
175.07 62.60
101.41 103.52
150.81 207.01
173.06 161.61
221.12 158.75
40.25 144.49
84.77 197.83
18.83 264.63
109.31 162.31
137.33 143.96
168.89 201.12
189.37 132.18
124.81 191.49
168.33 179.54
77.21 179.10
143.07 124.59
191.87 177.19
215.67 212.35
65.77 284.30
155.92 131.46
193.44 145.36
63.94 227.63
110.32 126.71
122.85 148.39
60.56 141.41
45.79 217.49
27.61 278.33
62.40 169.76
34.74 102.38
31.84 155.95
163.36 110.92
155.02 133.00
202.22 158.28
168.40 75.63
211.09 195.72
141.99 122.90
104.03 209.56
66.40 183.13
215.83 206.94
117.38 189.71
153.35 141.80
65.00 240.19
220.98 176.13
218.44 204.69
220.83 184.10
151.36 111.94
43.13 177.20
191.12 123.29
81.08 173.50
97.86 135.85
159.95 205.00
59.52 126.71
29.74 262.94
77.27 188.71
200.59 206.23
191.84 171.15
129.86 189.88
172.19 154.55
29.64 96.14
70.82 246.15
35.60 153.34
152.23 33.43
120.42 202.50
95.79 134.59
84.78 145.95
117.27 214.12
191.91 186.31
187.11 137.22
19.21 162.56
102.35 155.48
41.23 139.73
159.74 125.59
199.90 148.91
137.51 201.45
159.86 47.15
45.69 217.55
93.12 98.43
120.06 180.79
164.38 203.17
195.78 137.98
133.66 145.18
209.41 192.56
55.96 161.05
121.54 185.80
119.54 120.04
158.40 127.33
69.10 165.18
88.75 103.67
112.71 208.37
21.15 181.82
103.77 92.02
166.03 141.22
162.40 112.29
87.51 97.49
226.34 192.16
152.29 210.04
42.97 275.37
178.94 158.68
135.80 107.57
117.32 111.40
83.96 136.79
183.85 129.56
128.77 135.80
193.79 142.87
20.69 177.37
171.84 187.38
102.51 176.21
49.40 271.21
167.42 155.74
186.21 147.25
161.16 113.99
39.61 279.93
119.07 205.24
30.19 258.76
60.69 139.28
146.00 25.44
35.36 186.25
113.08 144.42
26.83 205.10
26.81 207.39
70.85 125.09
213.51 173.85
125.88 176.76
138.31 126.59
26.58 258.99
105.92 157.22
71.34 146.16
175.90 174.13
120.38 25.46
60.85 259.61
22.28 159.65
223.04 177.10
68.90 156.26
49.49 130.77
189.12 116.39
220.55 150.96
43.02 157.28
132.95 192.98
183.21 175.29
75.23 133.92
203.94 129.40
58.73 276.30
77.17 137.02
50.98 274.59
139.81 158.57
181.27 167.82
34.65 222.53
55.91 260.45
131.71 199.68
160.04 207.33
105.47 192.12
166.59 158.06
69.09 181.03
47.99 241.32
128.29 204.61
185.84 167.96
122.56 154.39
194.48 136.92
42.49 133.25
31.17 169.56
202.46 145.57
195.14 132.37
99.13 132.07
123.47 176.99
193.03 176.24
63.72 169.95
39.73 146.61
143.51 103.35
89.84 206.30
83.94 160.27
98.19 151.30
34.47 160.80
148.24 143.28
140.39 182.13
97.04 120.91
154.92 128.39
119.10 140.63
105.51 131.89
73.45 250.65
107.51 89.67
153.23 214.39
124.14 168.98
67.73 129.84
101.19 191.75
206.72 164.99
189.95 149.54
211.11 198.63
102.97 161.52
76.31 257.57
61.82 262.43
151.62 187.13
187.05 178.52
52.70 280.07
59.95 283.39
131.88 186.81
20.35 164.75
28.96 238.61
149.99 91.76
94.17 125.29
47.24 214.69
80.97 189.46
196.93 169.73
108.21 101.18
77.72 243.16
199.36 187.64
30.94 175.79
85.83 194.29
106.20 215.96
113.15 99.39
150.70 207.49
28.18 256.11
39.07 275.97
75.15 141.97
136.88 180.45
108.91 188.19
131.10 205.06
218.11 157.13
44.50 94.53
146.40 207.63
138.96 133.42
224.77 164.81
124.50 210.42
122.22 163.75
182.50 183.00
29.36 199.85
150.99 105.96
39.86 219.61
45.28 97.43
177.64 180.84
28.46 248.99
122.09 151.39
32.29 195.17
115.91 108.29
38.58 172.24
139.92 117.37
23.85 185.73
175.45 164.78
45.62 173.68
22.92 244.28
140.01 207.88
221.26 152.25
124.25 159.64
187.31 184.11
51.98 212.55
137.66 99.11
90.24 118.34
182.83 153.70
137.19 209.19
158.75 111.44
84.95 177.98
50.63 260.00
81.72 177.66
63.22 154.68
120.14 214.04
79.87 203.63
71.62 173.95
209.75 194.85
115.56 187.40
44.22 220.34
164.00 49.12
158.95 145.92
39.16 181.04
55.12 261.15
167.20 69.94
148.52 194.44
134.51 181.02
74.40 129.22
196.73 142.56
158.70 164.60
152.88 186.82
41.05 179.07
115.00 184.98
150.94 18.18
125.05 208.78
60.56 100.83
26.68 91.53
36.24 99.84
128.79 181.02
64.34 252.67
29.15 266.74
52.04 111.10
150.62 103.12
44.04 202.30
66.84 272.54
46.41 246.04
47.66 109.12
21.02 194.54
28.66 200.65
139.19 96.74
72.01 247.79
169.36 125.74
128.92 198.28
185.90 129.45
181.67 119.14
14.98 255.01
43.20 216.21
196.24 125.98
107.33 178.52
125.39 217.19
59.56 260.15
54.16 252.93
79.52 138.61
103.61 163.53
166.34 113.48
28.88 247.95
168.03 19.10
43.74 253.88
91.03 142.23
167.17 203.27
113.94 152.33
32.08 178.77
170.95 137.76
62.63 104.43
42.23 266.34
181.65 163.07
116.10 173.83
 9.64 249.58
160.27 130.52
135.55 195.52
86.26 198.20
117.58 145.55
31.27 187.66
122.97 190.78
29.62 197.65
197.15 173.31
117.60 95.43
216.64 153.44
102.32 210.19
176.05 148.51
149.39 115.49
15.70 255.36
117.02 152.89
45.62 138.55
72.14 161.63
29.17 278.83
55.64 168.43
70.32 267.18
85.66 184.15
171.04 17.68
46.81 143.50
141.80 212.63
96.04 213.33
53.66 238.04
146.47 134.74
194.76 137.31
115.07 95.82
29.33 249.94
161.83 194.19
67.79 246.43
50.91 129.62
132.00 150.21
106.63 138.66
33.80 177.86
89.13 200.31
124.26 162.83
68.64 169.83
74.22 178.84
88.29 127.31
37.84 178.03
117.79 93.05
205.67 188.76
147.51 125.87
49.98 161.10
137.46 98.69
188.56 140.53
152.26 164.71
44.89 245.14
36.07 180.18
200.54 158.77
35.49 260.41
104.47 112.38
67.24 129.87
115.34 153.35
111.67 179.62
143.16 130.23
52.07 292.25
105.88 164.95
154.67 134.77
97.85 180.41
43.87 250.70
67.21 286.55
93.56 188.50
32.21 169.41
20.30 193.55
95.77 189.79
55.98 268.85
35.01 216.45
96.11 132.99
200.04 153.49
181.59 171.03
44.18 110.93
77.91 263.05
152.79 131.76
24.65 269.46
42.05 111.29
186.45 144.75
209.44 145.45
84.10 131.69
127.49 12.60
109.71 167.91
108.12 105.42
64.94 136.87
35.07 100.72
139.19 158.27
125.06 203.05
159.42 173.60
72.45 161.97
112.80 214.21
160.25 116.36
57.81 245.65
39.87 240.70
101.40 129.13
24.68 187.20
101.14 183.72
170.98 145.55
145.05 163.67
111.14 180.31
204.86 179.08
166.59 24.54
83.44 138.44
116.91 140.25
100.78 179.88
75.40 135.57
55.96 260.21
130.27 215.26
112.93 108.99
154.73 112.76
28.22 261.26
47.30 110.43
88.26 148.17
163.61 150.92
175.75 118.24
66.74 137.49
145.27 121.21
101.51 94.03
55.60 255.08
207.05 192.24
35.47 247.97
15.01 263.51
102.55 109.52
162.45 71.75
44.70 156.25
174.86 116.03
60.83 258.58
75.40 156.22
30.78 167.36
 8.02 249.25
160.64 140.54
29.75 200.93
154.30 182.18
54.96 266.67
72.97 259.47
153.83 107.23
198.36 173.82
195.11 143.09
114.52 103.67
159.50 116.42
72.33 187.89
132.67 162.59
149.52 164.73
64.13 248.82
87.42 98.04
156.46 122.74
49.62 270.42
51.43 277.02
194.19 188.89
114.63 174.73
65.04 107.86
32.58 208.68
105.92 124.54
151.66 205.37
127.66 133.83
158.40 182.39
90.81 192.92
196.48 129.57
215.47 208.85
69.20 190.93
195.06 171.82
141.78 125.71
109.60 183.86
77.89 103.70
111.97 93.71
120.21 135.13
55.18 231.21
174.99 162.41
184.00 168.45
159.01 130.34
200.14 144.92
178.44 173.92
137.10 108.88
48.68 236.83
110.95 186.75
123.89 160.59
32.03 211.66
91.33 169.20
188.50 161.01
216.68 153.11
148.77 193.87
204.37 194.36
78.63 179.41
124.19 137.43
128.41 210.87
179.77 163.73
21.48 169.61
18.32 244.51
156.57 98.10
133.19 164.76
32.27 154.72
201.13 170.92
102.92 173.00
38.71 219.15
106.64 166.73
30.69 186.15
166.34 150.66
161.81 202.04
31.63 200.40
137.11 196.13
132.44 205.94
145.52 129.30
27.60 100.03
112.25 107.19
50.05 266.63
43.08 147.46
156.44 180.10
144.76 184.33
146.81 215.60
12.89 261.27
63.99 129.74
17.86 190.11
25.25 260.85
50.98 272.75
51.52 262.04
68.41 290.78
146.20 92.88
147.49  4.67
227.53 189.31
152.34 89.29
53.74 279.10
147.12 93.40
84.06 190.17
42.47 219.77
196.09 137.48
152.20 176.43
193.69 189.46
23.55 272.77
157.87 35.38
63.79 274.33
40.77 278.74
64.47 285.87
76.87 152.17
157.96 35.08
162.52 158.96
162.32 142.19
123.49 132.73
37.85 223.22
189.87 143.17
163.55 141.78
68.57 254.49
136.26 183.09
110.03 179.64
79.92 107.21
93.27 95.86
129.38 185.44
50.00 170.96
40.63 271.03
224.99 166.47
165.47 205.99
90.02 148.95
166.12 78.65
153.68 87.10
49.59 241.26
120.20 147.37
108.13 182.94
215.93 136.17
118.52 160.51
102.07 117.79
106.18 144.63
127.99 214.67
189.66 177.70
187.29 138.57
105.16 181.74
34.66 170.85
103.39 158.33
153.40 82.40
98.99 155.46
56.11 221.08
44.97 283.90
119.69 172.69
69.81 153.99
90.83 192.50
194.25 171.49
150.37 92.78
101.09 198.04
36.27 247.68
191.41 188.00
156.26 74.12
161.22 201.49
43.80 225.84
14.41 256.41
131.98 217.65
137.95 13.72
36.53 151.79
180.56 169.55
162.38 202.42
170.32 19.05
46.81 107.87
25.49 201.28
107.51 158.16
126.47 176.55
14.41 245.33
145.25 90.93
67.77 133.07
154.36 127.64
22.12 270.16
132.61 218.30
184.87 130.82
104.30 206.93
124.78 218.98
139.90 20.83
136.18 183.94
169.89 129.82
175.69 136.04
127.15 140.90
203.08 160.24
104.66 91.48
187.85 127.50
92.99 154.15
53.23 280.55
57.76 140.71
179.78 191.79
69.93 156.51
154.12 135.83
16.30 180.95
26.89 92.39
153.67 25.93
30.38 187.75
92.73 117.49
176.01 151.91
182.93 141.77
35.94 239.78
148.61 150.62
108.75 189.38
67.36 152.02
62.99 158.79
223.38 186.84
40.45 183.26
206.40 160.66
39.27 174.68
86.69 173.16
42.57 265.77
36.78 265.32
89.61 129.55
52.70 288.74
147.10 28.14
210.76 151.78
60.10 132.06
70.85 179.42
141.85 20.56
106.66 131.60
37.46 151.55
224.40 164.35
47.26 212.46
79.65 126.22
108.10 208.63
34.99 189.18
58.52 145.58
160.45 164.14
163.22 24.71
98.54 207.21
119.76 142.14
33.18 231.43
100.96 191.25
205.20 186.62
24.25 191.67
145.08 120.05
103.68 107.09
27.62 208.58
123.56 211.03
94.46 195.56
205.99 151.39
106.48 115.33
23.52 173.02
83.88 192.90
156.03 162.29
48.21 265.16
60.94 146.16
202.17 170.70
72.74 268.84
136.48 100.37
191.40 123.24
63.59 106.26
45.33 142.60
119.59 142.23
215.00 195.78
42.01 210.49
197.42 182.10
53.48 293.84
203.10 137.19
81.07 123.31
56.72 219.05
50.61 157.81
31.60 196.87
38.20 110.52
142.52 217.59
65.07 134.60
75.78 250.26
76.00 193.67
30.17 264.80
134.53 190.01
171.91 198.60
141.98 157.02
21.16 239.05
52.81 157.53
100.74 187.34
53.53 243.77
80.15 188.66
60.95 163.56
120.41 189.98
31.79 267.76
152.86 207.64
218.95 151.88
168.44 191.82
31.27 174.68
204.77 138.05
185.18 191.64
171.00 134.01
105.26 119.79
37.19 160.26
26.80 159.19
67.50 102.61
47.66 229.38
156.32 197.23
108.51 142.46
29.58 162.84
153.85 207.82
79.21 173.88
94.71 135.11
60.36 236.64
88.00 203.51
78.12 160.80
126.04 132.93
161.70 132.79
65.03 171.23
122.04 166.77
145.92 194.93
108.59 164.88
91.01 131.54
166.90 178.87
29.39 191.75
118.16 154.45
65.25 232.33
164.98 118.81
78.84 188.12
32.11 100.98
24.35 267.89
38.09 191.55
123.27 201.09
97.55 97.82
161.43 120.76
69.92 247.08
164.64 152.51
50.93 101.14
87.09 207.63
63.16 161.84
105.91 94.02
33.82 160.20
154.97 204.45
173.88 191.81
115.27 178.59
158.99 88.70
160.00 199.23
144.85 208.14
117.43 211.59
190.52 144.92
43.40 157.50
129.41 130.99
61.77 140.19
111.16 111.16
63.43 240.99
124.47 177.88
134.40 141.62
218.25 207.59
53.55 131.71
160.41 27.74
161.39 184.73
212.85 165.64
40.00 84.95
79.60 189.13
108.56 177.06
141.33 188.52
89.65 103.19
110.02 172.19
41.82 183.23
60.06 268.19
135.13 106.27
144.83 175.82
74.55 107.94
152.70 120.73
220.08 179.63
186.31 188.06
201.15 206.38
65.78 124.04
161.24 22.67
37.28 260.47
195.31 142.52
133.40 156.27
120.55 104.32
108.55 124.83
27.50 83.66
26.22 261.61
157.54 155.06
146.13  7.59
106.49 105.56
66.23 157.81
158.13 122.91
54.44 110.03
128.43 195.56
57.29 245.85
138.77 19.72
188.74 135.83
96.08 160.87
73.82 249.08
52.36 98.37
53.24 131.63
99.58 171.95
50.91 129.87
54.55 99.38
157.12 103.35
88.73 201.70
29.64 193.52
15.72 249.93
153.91 179.57
130.22 208.73
81.45 172.22
161.96 26.08
120.55 93.54
122.50 182.20
187.77 117.69
108.62 187.00
78.52 159.96
52.86 283.92
138.12 157.20
146.86 202.86
180.85 189.39
225.48 187.06
182.98 147.62
194.52 164.20
137.91 179.08
128.27 25.68
16.78 262.56
62.44 182.65
114.12 188.65
115.63 198.28
111.97 172.98
136.58 186.23
84.93 140.82
107.19 152.56
58.62 250.83
16.84 253.46
138.38 147.03
95.43 196.37
136.74 100.54
135.07 141.34
92.53 100.96
73.62 144.30
44.42 162.03
162.10 180.32
28.48 245.45
159.29 37.23
144.47 174.00
219.25 203.58
201.33 190.35
153.06 189.23
30.51 93.99
57.36 99.29
70.58 134.23
151.82 126.48
151.45 94.18
33.83 221.58
75.96 135.17
85.09 184.68
222.35 179.89
54.08 131.26
105.18 149.64
101.99 180.33
174.33 175.05
33.28 267.53
84.52 124.97
101.71 202.31
34.62 208.87
94.07 98.47
98.10 117.74
168.73 182.78
28.05 165.73
38.02 90.35
193.37 134.00
184.74 176.79
134.00 116.87
178.08 129.99
145.80 112.30
37.44 159.30
224.96 158.29
50.08 281.58
178.81 165.95
62.86 178.69
64.41 272.94
74.24 160.17
50.51 129.32
65.38 134.67
175.90 195.69
141.36 207.15
50.12 103.34
66.75 181.42
45.00 238.69
81.61 98.19
67.33 173.32
56.00 282.28
148.80 12.32
32.36 250.04
191.69 182.78
163.65 145.42
44.64 254.54
130.32  9.92
141.32 199.80
136.85 212.62
74.63 178.02
68.82 163.03
 1.05 256.75
48.73 222.11
56.57 220.90
30.94 198.65
30.73 94.72
43.60 281.04
56.01 140.79
83.97 202.22
132.90 176.49
29.66 281.33
159.55 86.80
162.99 201.92
222.43 154.77
101.56 134.61
93.86 99.37
126.26 159.16
86.93 207.38
152.41 202.75
123.09 142.90
58.80 171.86
150.18 172.07
125.52 155.41
19.79 265.34
66.03 107.78
194.67 150.47
217.79 175.49
131.99 28.45
77.22 189.56
139.42 103.70
70.41 235.38
74.94 164.63
144.83 101.94
196.91 185.20
147.72 206.84
94.50 195.77
61.58 96.80
73.25 240.03
73.56 130.68
48.96 257.02
143.20 151.30
159.54 183.39
151.20 173.27
102.78 97.61
88.88 195.05
65.32 163.35
118.61 161.76
 4.49 259.26
39.52 105.41
69.33 247.11
140.62 116.29
 8.31 252.50
109.62 214.10
37.72 154.50
103.04 156.67
158.70 129.34
196.18 135.84
141.34 186.40
44.68 178.18
188.07 129.62
183.08 151.35
24.59 273.53
28.34 92.16
86.50 180.82
50.65 167.55
172.34 183.43
211.42 130.95
55.09 106.93
211.30 137.07
29.45 175.98
149.79 126.97
39.68 272.50
36.11 145.82
112.92 197.95
210.52 157.66
153.94 153.55
147.64 191.77
34.35 181.11
80.04 134.13
139.52 177.13
191.02 178.65
50.50 220.15
68.60 188.34
132.58 212.34
55.71 142.86
121.83 186.72
114.70 110.21
26.70 205.59
84.38 174.26
124.48 154.79
131.60 188.87
136.08 23.13
86.16 159.55
58.39 106.20
99.50 113.17
57.15 166.48
65.42 164.50
132.15 169.78
79.58 191.14
63.83 146.88
120.96 136.95
113.16 168.88
22.87 200.85
38.89 217.49
138.60 144.97
75.30 258.78
44.74 155.50
45.30 168.75
85.87 190.05
60.03 269.48
78.33 159.12
172.99 165.55
97.77 133.91
41.58 258.07
44.05 279.48
105.46 175.67
45.35 242.15
194.68 150.23
143.45 156.28
151.39 96.98
132.32 126.37
100.89 129.65
34.95 102.81
135.37 129.06
161.25 39.58
78.40 269.23
88.46 205.91
97.16 94.39
74.06 146.36
201.65 141.91
42.13 171.04
171.21 185.70
60.28 160.63
59.62 129.73
155.84 26.37
44.59 251.44
111.37 219.01
31.02 203.46
52.75 218.71
112.63 93.17
139.38 99.73
117.12 187.72
148.05 153.06
141.57 97.92
94.53 166.32
74.55 165.87
110.26 212.52
44.48 144.25
150.76 163.88
127.48 122.07
75.67 192.16
161.57 131.88
34.06 209.13
172.93 66.68
226.10 168.03
195.88 137.69
60.58 270.37
142.19 156.89
55.46 157.12
131.46 187.27
144.07 198.56
97.16 199.73
127.34 122.94
48.73 234.00
65.23 186.24
143.06 204.10
171.37 173.20
167.07 146.54
143.73 192.15
144.12 208.83
33.63 251.46
84.42 205.54
65.48 276.81
15.50 182.89
38.50 270.49
10.67 262.36
149.15 164.54
155.42 169.99
22.12 256.87
108.97 128.36
72.33 153.60
68.12 238.56
95.08 150.46
183.56 142.26
158.10 169.90
128.75 166.10
27.87 183.60
90.26 95.93
179.75 125.53
101.92 198.75
63.51 173.36
142.90 197.06
150.08 106.27
28.27 246.87
40.50 274.08
146.35 178.60
151.33 116.99
215.21 176.21
62.43 180.30
182.16 182.01
146.31 93.66
54.23 224.81
36.98 261.44
127.05 120.97
85.04 131.12
46.29 236.53
80.33 175.05
114.66 151.06
151.73 197.23
137.92 135.53
46.18 269.41
56.96 262.98
67.36 169.99
200.07 180.56